[143]
[152]
[160]
[168]
[182]
[196]
[212]
[230]
[240]
[253]
[258]
[274]
[284]
[291]
[304]
[312]
[321]
[338]
[353]
[367]
[373]
[383]
[406]
[422]
[427]
[444]
[452]
[461]
[478]
[489]
[501]
[513]
[526]
[530]
[536]
[544]
[581]
[595]
[611]
[626]
[641]
[662]
[666]
[667]
[671]
[684]
[691]
[699]
[705]
[707]
[709]
[718]
[740]
[748]
[757]
[765]
[769]
[775]
[780]
[785]
[791]
[797]
[806]
[824]
[839]
[855]
[870]
[885]
[900]
[923]
[954]
[966]
[974]
[981]
[998]
[1001]
[1010]
[1017]
[1023]
[1030]
[1035]
[1044]
[1053]
[1058]
[1067]
[1075]
[1079]
[1085]
[1090]
[1099]
[1105]
[1110]
[1117]
[1140]
[1141]
[1154]
[1160]
[1172]
[1173]
[1186]
[1206]
[1222]
[1233]
[1245]
[1264]
[1270]
[1271]
[1278]
[1283]
[1292]
[1293]
[1302]
[1313]
[1322]
[1342]
[1350]
[1364]
[1411]
[1430]
[1434]
[1447]
[1458]
[1470]
[1485]
[1490]
[1543]
[1549]
[1553]
[1573]
[1577]
[1756]
[1775]
[1786]
[1796]
[1809]
[1814]
[1831]
[1843]
[1859]
[1871]
[1878]
[1887]
[1896]
[1909]
[1924]
[1944]
[1950]
[1953]
[1961]
[1964]
[1972]
[1983]
[1993]
[1998]
[2012]
[2019]
[2021]
[2025]
[2030]
[2031]
[2037]
[2041]
[2042]
[2049]
[2058]
[2063]
[2067]
[2073]
[2093]
[2102]
[2120]
[2128]
[2141]
[2150]
[2155]
[2160]
[2167]
[2173]
[2184]
[2193]
[2195]
[2217]
[2223]
[2231]
[2238]
[2247]
[2252]
[2261]
[2269]
[2274]
[2280]
[2281]
[2282]
[2285]
[2300]
[2310]
[2320]
[2327]
[2333]
[2340]
[2351]
[2366]
[2376]
[2395]
[2396]
[2414]
[2418]
[2426]
[2448]
[2456]
[2479]
[2490]
[2493]
[2512]
[2515]
[2527]
[2534]
[2546]
[2554]
[2557]
[2568]
[2576]
[2583]
[2592]
[2596]
[2599]
[2610]
[2617]
[2627]
[2636]
[2641]
[2648]
[2658]
[2665]
[2679]
[2688]
[2697]
[2703]
[2710]
[2719]
[2722]
[2731]
[2737]
[2744]
[2750]
[2756]
[2761]
[2766]
[2772]
[2780]
[2785]
[2791]
[2799]
[2804]
[2813]
[2821]
[2826]
[2834]
[2836]
[2842]
[2848]
[2852]
[2856]
[2860]
[2865]
[2870]
[2878]
[2884]
[2891]
[2898]
[2905]
[2911]
[2917]
[2925]
[2935]
[2945]
[2955]
[2960]
[2964]
[2971]
[2978]
[2985]
[2990]
[3000]
[3006]
[3011]
[3017]
[3024]
[3035]
[3043]
[3051]
[3061]
[3069]
[3082]
[3089]
[3098]
[3100]
[3112]
[3127]
[3134]
[3142]
[3143]
[3152]
[3158]
[3180]
[3181]
[3183]
[3201]
[3209]
[3214]
[3218]
[3230]
[3234]
[3243]
[3248]
[3250]
[3258]
[3260]
[3265]
[3271]
[3273]
[3282]
[3287]
[3296]
[3313]
[3318]
[3331]
[3341]
[3353]
[3360]
[3362]
[3367]
[3397]
[3403]
[3410]
[3411]
[3413]
[3421]
[3434]
[3441]
[3459]
[3469]
[3471]
[3476]
[3481]
[3492]
[3495]
[3504]
[3513]
[3514]
[3522]
[3531]
[3533]
[3539]
[3546]
[3557]
[3563]
[3565]
[3572]
[3579]
[3587]
[3593]
[3597]
[3617]
[3627]
[3634]
[3641]
[3646]
[3648]
[3653]
[3655]
[3656]
[3659]
[3664]
[3666]
[3676]
[3677]
[3682]
[3684]
[3685]
[3709]
[3712]
[3714]
[3718]
[3726]
[3727]
[3728]
[3732]
[3735]
[3736]
[3750]
[3760]
[3765]
[3777]
[3781]
[3792]
[3794]
[3798]
[3806]
[3811]
[3823]
[3830]
[3831]
[3844]
[3845]
[3850]
[3856]
[3862]
[3869]
[3877]
[3879]
[3888]
[3897]
[3914]
[3925]
[3929]
[3937]
[3954]
[3969]
[3975]
[3978]
[3984]
[3992]
[4002]
[4004]
[4007]
[4017]
[4035]
[4038]
[4039]
[4050]
[4051]
[4063]
[4075]
[4077]
[4080]
[4081]
[4093]
[4098]
[4106]
[4120]
[4131]
[4138]
[4149]
[4158]
[4164]
[4170]
[4175]
[4181]
[4186]
[4193]
[4201]
[4206]
[4213]
[4219]
[4223]
[4226]
[4237]
[4242]
[4243]
[4244]
[4248]
[4254]
[4262]
[4270]
[4275]
[4276]
[4280]
[4298]
[4307]
[4321]
[4337]
[4343]
[4352]
[4354]
[4355]
[4368]
[4388]
[4389]
[4399]
[4405]
[4416]
[4425]
[4431]
[4440]
[4445]
[4449]
[4459]
[4463]
[4481]
[4492]
[4498]
[4504]
[4511]
[4514]
[4516]
[4523]
[4524]
[4534]
[4539]
[4542]
[4560]
[4565]
[4583]
[4585]
[4597]
[4603]
[4609]
[4618]
[4624]
[4637]
[4655]
[4657]
[4664]
[4669]
[4696]
[4704]
[4708]
[4709]
[4711]
[4717]
[4721]
[4725]
[4727]
[4736]
[4743]
[4747]
[4757]
[4762]
[4766]
[4775]
[4785]
[4786]
[4787]
[4788]
[4791]
[4794]
[4799]
[4806]
[4814]
[4820]
[4821]
[4827]
[4838]
[4841]
[4844]
[4848]
[4852]
[4856]
[4863]
[4865]
[4869]
[4870]
[4872]
[4878]
[4879]
[4881]
[4886]
[4889]
[4892]
[4895]
[4896]
[4901]
[4914]
[4915]
[4947]
[4949]
[4954]
[4960]
[4973]
[4978]
[4985]
[4993]
[4994]
[4995]
[5000]
[5002]
[5012]
[5014]
[5023]
[5024]
[5025]
[5036]
[5037]
[5042]
[5047]
[5053]
[5061]
[5069]
[5073]
[5081]
[5085]
[5091]
[5095]
[5104]
[5106]
[5108]
[5111]
[5112]
[5113]
[5117]
[5118]
[5119]
[5122]
[5129]
[5130]
[5131]
[5132]
[5141]
[5144]
[5147]
[5163]
[5167]
[5174]
[5180]
[5185]
[5189]
[5197]
[5198]
[5202]
[5208]
[5212]
[5217]
[5218]
[5231]
[5239]
[5240]
[5245]
[5252]
[5253]
[5257]
[5259]
[5261]
[5265]
[5274]
[5275]
[5279]
[5280]
[5281]
[5285]
[5286]
[5287]
[5291]
[5292]
[5293]
[5298]
[5302]
[5305]
[5308]
[5312]
[5313]
[5317]
[5320]
[5321]
[5322]
[5323]
[5324]
[5330]
[5344]
[5349]
[5358]
[5362]
[5375]
[5380]
[5397]
[5407]
[5412]
[5413]
[5421]
[5428]
[5433]
[5443]
[5444]
[5452]
[5462]
[5483]
[5484]
[5500]
[5501]
[5507]
[5513]
[5519]
[5523]
[5526]
[5530]
[5534]
[5537]
[5540]
[5555]
[5557]
[5562]
[5567]
[5571]
[5583]
[5586]
[5589]
[5593]
[5598]
[5600]
[5612]
[5618]
[5624]
[5625]
[5641]
[5642]
[5647]
[5655]
[5658]
[5664]
[5668]
[5671]
[5675]
[5679]
[5682]
[5685]
[5690]
[5698]
[5703]
[5706]
[5707]
[5711]
[5714]
[5716]
[5720]
[5724]
[5728]
[5733]
[5740]
[5743]
[5746]
[5750]
[5755]
[5757]
[5766]
[5768]
[5804]
[5913]
[5925]
[5931]
[5983]
[5988]
[6068]
[6096]
[6101]
[6106]
[6110]
[6113]
[6120]
[6132]
[6136]
[6137]
[6142]
[6144]
[6148]
[6151]
[6154]
[6159]
[6165]
[6171]
[6175]
[6185]
[6190]
[6198]
[6210]
[6211]
[6217]
[6218]
[6225]
[6236]
[6237]
[6244]
[6245]
[6247]
[6266]
[6273]
[6287]
[6297]
[6301]
[6307]
[6314]
[6323]
[6328]
[6341]
[6355]
[6356]
[6371]
[6385]
[6395]
[6401]
[6410]
[6419]
[6424]
[6428]
[6442]
[6448]
[6452]
[6468]
[6474]
[6486]
[6493]
[6497]
[6502]
[6509]
[6513]
[6518]
[6525]
[6531]
[6532]
[6542]
[6544]
[6558]
[6562]
[6563]
[6569]
[6583]
[6584]
[6613]
[6629]
[6633]
[6635]
[6636]
[6640]
[6644]
[6663]
[6678]
[6719]
[6728]
[6729]
[6730]
[6733]
[6734]
[6738]
[6753]
[6757]
[6758]
[6759]
[6763]
[6798]
[6800]
[6803]
[6808]
[6813]
[6848]
[6857]
[6874]
[6880]
[6884]
[6886]
[6887]
[6893]
[6897]
[6898]
[6900]
[6901]
[6902]
[6908]
[6912]
[6918]
[6919]
[6926]
[6929]
[6948]
[6951]
[6959]
[6971]
[6976]
[6985]
[6986]
[6999]
[7012]
[7027]
[7033]
[7044]
[7053]
[7070]
[7079]
[7092]
[7104]
[7117]
[7131]
[7135]
[7145]
[7152]
[7158]
[7162]
[7166]
[7172]
[7176]
[7181]
[7185]
[7191]
[7194]
[7199]
[7215]
[7220]
[7225]
[7227]
[7238]
[7239]
[7253]
[7254]
[7259]
[7264]
[7265]
[7268]
[7283]
[7288]
[7290]
[7291]
[7308]
[7311]
[7327]
[7330]
[7335]
[7342]
[7346]
[7362]
[7373]
[7376]
[7379]
[7382]
[7385]
[7392]
[7397]
[7406]
[7410]
[7413]
[7419]
[7424]
[7427]
[7432]
[7436]
[7439]
[7443]
[7446]
[7449]
[7460]
[7485]
[7535]
[7539]
[7541]
[7543]
[7544]
[7546]
[7547]
[7548]
[7549]
[7552]
[7554]
[7556]
[7557]
[7558]
[7559]
[7560]
[7561]
[7562]
[7563]
[7564]
[7565]
[7566]
[7567]
[7568]
[7569]
[7570]
[7571]
[7572]
[7573]
[7574]
[7575]
[7576]
[7577]
[7578]
[7579]
[7592]
[7595]
[7611]
[7626]
[7627]
[7632]
[7635]
[7637]
[7652]
[7660]
[7664]
[7667]
[7670]
[7673]
[7677]
[7680]
[7681]
[7685]
[7686]
[7692]
[7698]
[7716]
[7719]
[7728]
[7735]
[7738]
[7740]
[7752]
[7756]
[7760]
[7763]
[7766]
[7779]
[7789]
[7793]
[7796]
[7812]
[7828]
[7832]
[7848]
[7865]
[7877]
[7880]
[7881]
[7882]
[7883]
[7884]
[7885]
[7886]
[7887]
[7888]
[7889]
[7890]
[7891]
[7892]
[7893]
[7894]
[7895]
[7899]
[7902]
[7904]
[7905]
[7906]
[7907]
[7908]
[7909]
[7910]
[7911]
[7912]
[7913]
[7914]
[7915]
[7916]
[7917]
[7918]
[7919]
[7920]
[7921]
[7922]
[7923]
[7924]
[7925]
[7926]
[7927]
[7928]
[7929]
[7930]
[7931]
[7932]
[7933]
[7934]
[7935]
[7936]
[7937]
[7938]
[7939]
[7940]
[7941]
[7942]
[7943]
[7945]
[7948]
[7949]
[7950]
[7951]
[7952]
[7954]
[7955]
[7957]
[7958]
[7975]
[7979]
[7982]
[7985]
[7995]
[8000]
[8003]
[8016]
[8020]
[8031]
[8050]
[8053]
[8057]
[8072]
[8084]
[8089]
[8098]
[8101]
[8102]
[8104]
[8105]
[8106]
[8107]
[8110]
[8111]
[8112]
[8113]
[8114]
[8116]
[8117]
[8118]
[8119]
[8120]
[8121]
[8122]
[8124]
[8125]
[8126]
[8127]
[8128]
[8129]
[8130]
[8132]
[8133]
[8134]
[8135]
[8136]
[8137]
[8138]
[8139]
[8140]
[8142]
[8143]
[8144]
[8145]
[8147]
[8149]
[8150]
[8151]
[8152]
[8155]
[8156]
[8157]
[8158]
[8159]
[8160]
[8161]
[8163]
[8165]
[8166]
[8167]
[8168]
[8170]
[8172]
[8173]
[8174]
[8175]
[8176]
[8179]
[8181]
[8182]
[8183]
[8184]
[8185]
[8186]
[8188]
[8189]
[8190]
[8191]
[8192]
[8193]
[8194]
[8195]
[8196]
[8197]
[8198]
[8199]
[8200]
[8201]
[8202]
[8203]
[8204]
[8205]
[8206]
[8207]
[8208]
[8209]
[8210]
[8211]
[8212]
[8213]
[8214]
[8215]
[8216]
[8217]
[8219]
[8220]
[8222]
[8223]
[8227]
[8230]
[8234]
[8235]
[8236]
[8237]
[8238]
[8239]
[8240]
[8241]
[8247]
[8251]
[8252]
[8253]
[8254]
[8255]
[8256]
[8257]
[8258]
[8259]
[8260]
[8261]
[8262]
[8263]
[8264]
[8265]
[8266]
[8267]
[8268]
[8269]
[8270]
[8271]
[8272]
[8273]
[8274]
[8275]
[8276]
[8289]
[8293]
[8299]
[8304]
[8309]
[8311]
[8314]
[8350]
[8357]
[8362]
[8371]
[8375]
[8380]
[8384]
[8389]
[8391]
[8396]
[8401]
[8404]
[8408]
[8410]
[8417]
[8418]
[8420]
[8423]
[8425]
[8427]
[8429]
[8431]
[8436]
[8442]
[8444]
[8445]
[8449]
[8451]
[8452]
[8453]
[8454]
[8455]
[8456]
[8457]
[8458]
[8459]
[8460]
[8461]
[8463]
[8464]
[8465]
[8466]
[8467]
[8468]
[8469]
[8470]
[8471]
[8472]
[8473]
[8474]
[8475]
[8476]
[8477]
[8478]
[8479]
[8480]
[8481]
[8482]
[8483]
[8484]
[8485]
[8486]
[8487]
[8488]
[8489]
[8490]
[8491]
[8492]
[8493]
[8494]
[8495]
[8496]
[8497]
[8498]
[8499]
[8500]
[8501]
[8502]
[8503]
[8504]
[8505]
[8506]
[8507]
[8508]
[8509]
[8510]
[8511]
[8512]
[8513]
[8514]
[8515]
[8516]
[8517]
[8518]
[8519]
[8520]
[8526]
[8549]
[8550]
[8552]
[8553]
[8554]
[8555]
[8556]
[8558]
[8559]
[8560]
[8561]
[8562]
[8563]
[8564]
[8565]
[8566]
[8567]
[8568]
[8569]
[8570]
[8571]
[8572]
[8573]
[8574]
[8575]
[8598]
[8600]
[8601]
[8602]
[8606]
[8607]
[8608]
[8611]
[8613]
[8614]
[8618]
[8626]
[8627]
[8628]
[8629]
[8630]
[8631]
[8632]
[8634]
[8635]
[8636]
[8637]
[8639]
[8640]
[8641]
[8642]
[8644]
[8651]
[8652]
[8653]
[8654]
[8656]
[8657]
[8658]
[8659]
[8660]
[8665]
[8674]
[8675]
[8678]
[8679]
[8680]
[8681]
[8682]
[8683]
[8684]
[8685]
[8688]
[8692]
[8693]
[8695]
[8696]
[8709]
[8710]
[8711]
[8713]
[8714]
[8716]
[8717]
[8718]
[8719]
[8720]
[8722]
[8725]
[8726]
[8729]
[8731]
[8732]
[8741]
[8742]
[8743]
[8745]
[8770]
[8771]
[8772]
[8773]
[8774]
[8775]
[8776]
[8777]
[8778]
[8779]
[8780]
[8781]
[8782]
[8783]
[8784]
[8785]
[8786]
[8787]
[8788]
[8790]
[8800]
[8801]
[8804]
[8805]
[8807]
[8808]
[8809]
[8810]
[8811]
[8812]
[8813]
[8814]
[8815]
[8816]
[8818]
[8819]
[8820]
[8826]
[8827]
[8870]
[8872]
[8873]
[8875]
[8876]
[8877]
[8878]
[8935]
[8954]
[8958]
[8963]
[8969]
[8971]
[8984]
[8987]
[8990]
[8991]
[8993]
[8995]
[8997]
[8998]
[9000]
[9001]
[9002]
[9003]
[9004]
[9005]
[9006]
[9007]
[9008]
[9009]
[9010]
[9011]
[9012]
[9013]
[9014]
[9015]
[9017]
[9021]
[9022]
[9023]
[9024]
[9025]
[9026]
[9027]
[9028]
[9029]
[9030]
[9031]
[9032]
[9033]
[9034]
[9035]
[9036]
[9037]
[9038]
[9039]
[9040]
[9041]
[9042]
[9043]
[9044]
[9045]
[9046]
[9047]
[9048]
[9049]
[9050]
[9051]
[9052]
[9053]
[9054]
[9055]
[9056]
[9057]
[9058]
[9059]
[9070]
[9071]
[9072]
[9073]
[9074]
[9075]
[9076]
[9077]
[9078]
[9079]
[9082]
[9084]
[9089]
[9091]
[9092]
[9094]
[9097]
[9100]
[9106]
[9110]
[9113]
[9116]
[9117]
[9121]
[9123]
[9124]
[9125]
[9126]
[9127]
[9128]
[9129]
[9130]
[9131]
[9132]
[9133]
[9134]
[9135]
[9136]
[9137]
[9138]
[9139]
[9140]
[9141]
[9142]
[9143]
[9144]
[9145]
[9146]
[9147]
[9148]
[9149]
[9150]
[9151]
[9152]
[9154]
[9155]
[9156]
[9157]
[9158]
[9159]
[9160]
[9161]
[9164]
[9169]
[9170]
[9176]
[9179]
[9195]
[9210]
[9212]
[9214]
[9215]
[9216]
[9219]
[9220]
[9221]
[9222]
[9230]
[9234]
[9235]
[9236]
[9239]
[9240]
[9243]
[9245]
[9247]
[9249]
[9250]
[9253]
[9254]
[9258]
[9259]
[9260]
[9261]
[9295]
[9296]
[9297]
[9298]
[9300]
[9301]
[9322]
[9327]
[9328]
[9329]
[9330]
[9351]
[9374]
[9375]
[9376]
[9377]
[9378]
[9379]
[9381]
[9382]
[9383]
[9384]
[9385]
[9386]
[9395]
[9396]
[9398]
[9399]
[9400]
[9403]
[9405]
[9406]
[9407]
[9408]
[9409]
[9410]
[9411]
[9412]
[9413]
[9414]
[9415]
[9416]
[9417]
[9418]
[9419]
[9420]
[9421]
[9422]
[9423]
[9424]
[9425]
[9426]
[9427]
[9428]
[9429]
[9430]
[9431]
[9432]
[9433]
[9434]
[9435]
[9436]
[9437]
[9438]
[9439]
[9440]
[9441]
[9442]
[9443]
[9444]
[9445]
[9446]
[9447]
[9448]
[9449]
[9450]
[9451]
[9452]
[9462]
[9463]
[9464]
[9465]
[9466]
[9467]
[9469]
[9470]
[9471]
[9472]
[9473]
[9586]
[9587]
[9588]
[9592]
[9593]
[9595]
[9596]
[9597]
[9598]
[9599]
[9600]
[9601]
[9602]
[9603]
[9604]
[9605]
[9606]
[9607]
[9608]
[9609]
[9610]
[9611]
[9612]
[9613]
[9614]
[9615]
[9616]
[9617]
[9618]
[9619]
[9620]
[9621]
[9622]
[9623]
[9624]
[9625]
[9627]
[9628]
[9629]
[9630]
[9631]
[9632]
[9635]
[9636]
[9637]
[9638]
[9639]
[9640]
[9641]
[9642]
[9643]
[9644]
[9645]
[9646]
[9647]
[9648]
[9649]
[9650]
[9651]
[9652]
[9653]
[9654]
[9655]
[9656]
[9657]
[9658]
[9659]
[9660]
[9661]
[9662]
[9663]
[9664]
[9665]
[9666]
[9667]
[9678]
[9694]
[9708]
[9714]
[9736]
[9740]
[9741]
[9751]
[9758]
[9776]
[9777]
[9781]
[9800]
[9804]
[9809]
[9813]
[9830]
[9832]
[9845]
[9853]
[9866]
[9871]
[9875]
[9887]
[9888]
[9892]
[9902]
[9904]
